10 25 41 57 73 89 105 113 114 116 118 119 121 132 137 168 229 

24 42 56 74 88 97 101 102 106 120 130 134 138 167 217 244 

12 27 40 58 59 72 90 104 115 122 129 131 133 135 136 154 185 198 

23 39 75 87 103 123 139 146 149 150 152 153 196 202 

7 8 11 63 68 70 71 81 86 107 125 140 151 162 163 164 165 169 218 

13 21 37 51 53 65 69 91 100 109 124 144 166 177 179 186 195 215 233 242 

22 38 54 76 84 92 117 142 145 155 170 178 183 194 201 205 210 248 

14 20 43 61 66 67 85 98 108 141 147 157 161 171 180 182 184 206 

4 5 6 29 30 44 45 50 52 77 83 93 126 156 172 181 187 193 199 200 

26 33 34 36 55 78 96 99 127 148 173 188 197 211 225 230 251 

3 17 28 31 35 60 82 110 174 189 203 212 213 214 232 250 

2 9 15 18 46 62 95 158 176 190 204 209 216 228 253 

19 47 94 143 175 207 219 226 231 256 

1 16 48 49 79 111 191 220 227 238 249 

32 159 221 235 239 247 

64 80 112 128 160 208 222 234 236 255 

223 237 246 

192 240 254 

224 252 

245 

243 

241 

Tempo (em ms): 2
Número de cores usadas: 22
