1 17 

2 27 

3 140 

4 62 63 64 65 66 84 136 137 138 139 

5 67 68 69 79 81 83 

6 28 

7 29 

8 30 

9 31 

10 32 

11 19 

12 20 

13 21 

14 22 

15 23 

16 24 

25 33 56 70 71 72 73 74 75 76 77 78 80 82 85 87 89 91 124 125 126 127 162 163 167 185 196 197 

26 36 90 

18 41 47 97 128 

43 95 129 

45 130 178 179 180 181 

48 57 131 161 188 203 

51 132 147 148 

54 133 

59 61 102 103 105 106 134 149 151 205 

60 104 113 121 135 206 

116 118 120 122 123 141 142 143 144 157 159 160 165 168 169 176 177 186 200 201 

117 158 170 171 172 175 187 195 202 

173 174 189 190 191 193 199 

192 194 

Tempo (em ms): 2
Número de cores usadas: 30
