1 17 

2 19 

3 34 35 36 37 62 68 72 74 75 76 77 78 80 82 84 87 88 91 94 97 99 110 113 115 119 121 123 124 125 160 165 173 175 183 184 

4 38 39 40 41 42 43 44 45 55 56 57 58 59 60 159 164 166 167 168 169 170 171 172 174 177 

5 69 71 73 79 81 83 85 86 89 90 92 93 95 96 176 

6 98 109 114 116 122 129 131 135 139 149 157 182 

7 127 

8 20 

9 21 

10 22 

11 23 

12 24 

13 25 

14 26 

15 18 

16 27 

28 33 46 47 48 64 100 101 102 103 104 105 106 112 117 120 128 134 137 141 145 147 151 152 153 154 155 161 179 180 

29 49 

30 50 

31 51 

32 52 

53 

54 

61 162 

63 163 

65 

66 

67 

70 

107 111 118 130 133 136 142 144 146 

132 143 

Tempo (em ms): 4
Número de cores usadas: 31
