1 2 3 4 6 7 11 12 13 16 27 29 34 39 49 74 76 78 112 118 119 125 126 

5 8 9 10 15 17 22 23 31 32 33 51 54 55 64 65 71 79 81 83 90 

14 19 20 37 42 43 44 56 57 60 62 80 84 87 96 102 108 121 124 

18 21 24 26 28 35 40 47 48 50 72 89 97 98 101 104 110 122 

25 59 67 68 70 77 103 105 106 109 111 114 

30 63 73 88 95 117 120 

36 38 52 85 

41 91 

45 86 128 

46 75 99 

53 92 

58 100 107 

61 66 127 

69 

82 123 

93 

94 

113 

115 

116 

Tempo (em ms): 1
Número de cores usadas: 20
