1 17 

2 19 

3 43 44 45 52 70 71 72 73 74 75 76 77 87 88 91 92 93 94 96 97 98 99 103 105 110 112 115 116 117 118 121 122 126 131 133 135 136 137 139 141 248 249 255 257 259 267 444 445 448 451 

4 33 57 58 65 66 95 253 254 256 258 260 261 262 263 264 265 266 268 269 272 274 278 279 320 

5 56 59 62 63 64 67 68 69 89 

6 38 60 101 109 111 113 114 132 134 138 142 162 245 338 339 430 431 432 433 436 439 

7 61 100 102 104 146 147 149 151 152 154 155 156 158 160 161 163 165 166 168 171 176 178 179 180 184 185 186 188 189 190 195 197 200 203 205 206 219 220 223 224 225 230 232 234 235 252 270 271 273 275 277 289 290 292 294 296 298 299 300 303 304 306 307 308 309 312 313 314 315 316 318 319 322 323 324 326 329 330 333 335 343 345 346 347 348 349 350 353 355 356 364 365 366 367 369 371 372 375 377 389 391 393 397 412 413 414 415 418 420 423 434 435 437 

8 124 125 148 153 159 167 169 170 187 191 192 193 194 196 198 199 201 202 204 281 283 291 293 295 297 416 417 419 422 443 

9 130 182 183 218 221 222 226 227 228 229 231 233 288 305 310 311 317 321 331 332 363 388 390 392 394 429 

10 244 334 351 352 354 368 370 373 374 376 399 400 402 406 

11 380 383 398 404 405 

12 403 411 

13 20 

14 21 

15 22 

16 23 

24 50 128 181 238 240 242 285 286 359 361 409 425 427 441 

25 78 

26 79 

27 80 

28 81 

29 82 

30 83 

31 84 

32 85 

18 86 

209 211 215 216 239 241 360 384 386 426 

210 212 214 

213 

Tempo (em ms): 9
Número de cores usadas: 29
