2 5 11 16 22 47 142 

96 97 98 99 100 101 102 104 105 106 108 114 115 116 118 119 121 127 129 130 131 137 145 147 154 163 165 166 170 173 178 185 190 

12 13 14 15 17 18 20 21 36 38 40 43 60 61 62 65 67 83 88 107 109 110 111 117 132 134 136 138 140 155 159 161 164 179 180 183 

6 7 8 9 10 19 53 66 77 78 90 103 112 113 124 128 135 151 162 182 184 186 

24 25 26 27 28 29 30 31 32 33 35 37 39 41 42 44 45 46 84 120 122 123 125 126 133 139 141 171 172 176 181 

48 49 50 51 52 54 55 56 57 58 59 63 64 68 69 70 71 72 73 74 75 76 79 80 81 82 85 86 87 89 91 92 93 94 143 144 146 148 149 150 152 153 156 157 158 160 167 168 169 174 175 177 187 188 189 

3 4 23 34 95 191 

