2 4 11 23 47 95 191 

1 3 6 8 24 26 29 31 46 96 98 101 103 118 119 121 124 126 130 132 135 137 141 143 145 148 150 165 166 168 171 173 177 179 182 184 188 190 

5 12 13 16 22 52 58 59 60 63 69 94 100 106 107 108 111 117 142 147 153 154 155 158 159 160 163 164 170 176 178 181 183 186 187 189 

7 9 10 25 30 32 33 49 54 56 57 65 67 68 70 72 77 79 80 83 88 90 91 93 97 102 104 105 120 125 127 128 144 149 151 152 162 167 172 174 175 185 

14 15 27 34 37 38 42 43 45 50 51 61 62 73 74 78 81 84 85 89 92 99 109 110 122 129 133 138 140 146 156 157 169 180 

17 21 28 35 39 40 44 48 53 64 71 75 76 82 86 87 112 116 123 134 139 

18 19 20 41 55 66 113 114 115 136 161 

36 131 

Tempo (em ms): 2
Número de cores usadas: 8
