1 2 3 4 5 6 7 9 10 12 14 15 17 20 21 27 28 29 32 33 42 47 48 49 59 73 74 75 77 79 85 88 91 108 126 128 143 150 159 186 197 199 200 213 236 246 249 250 287 327 347 353 365 391 401 417 439 

8 11 13 16 18 19 23 25 26 30 37 38 43 44 45 50 51 53 54 56 60 62 63 68 70 72 83 84 92 99 100 101 109 111 115 116 122 125 154 157 164 210 215 221 222 262 275 276 281 282 295 301 356 357 362 384 407 

22 24 31 34 35 36 39 40 41 46 57 58 66 67 69 80 82 86 87 94 96 97 98 106 107 117 119 123 134 137 138 145 151 153 176 183 184 188 189 219 232 239 269 291 292 306 321 334 361 382 399 409 420 429 

52 55 61 64 65 76 78 81 93 95 102 103 110 112 113 114 124 127 129 133 136 139 140 146 149 160 165 166 169 175 180 181 190 196 206 208 225 238 244 270 296 313 336 341 343 359 373 390 419 441 

71 89 90 104 118 121 130 131 132 135 144 152 161 162 163 170 173 177 178 185 191 192 201 207 211 212 217 227 229 243 251 256 263 267 284 286 288 290 304 314 319 323 363 369 371 381 397 400 403 413 430 440 447 

105 120 142 148 155 156 158 168 172 179 193 195 198 202 214 216 218 231 235 237 240 241 242 247 248 253 257 258 260 261 265 272 278 280 293 305 308 310 320 328 329 349 366 389 393 402 423 426 433 

141 147 187 204 220 223 224 226 230 234 245 259 264 266 277 279 285 289 297 298 299 302 312 317 318 330 335 338 340 346 350 352 360 367 374 377 379 380 385 394 438 444 

167 171 174 203 205 233 252 254 268 273 274 283 303 307 309 316 322 324 345 348 355 358 368 370 376 378 392 395 398 405 412 414 427 431 436 445 448 450 

182 194 209 228 271 300 311 315 325 326 331 332 333 339 354 364 372 375 387 388 411 416 421 422 435 437 

255 294 342 344 351 383 404 406 408 415 418 428 432 434 443 446 449 

337 386 396 410 424 425 442 

Tempo (em ms): 11
Número de cores usadas: 11
