2 17 34 35 37 38 39 40 42 44 46 49 50 52 53 55 58 86 87 89 93 94 95 96 97 98 100 102 103 104 105 111 112 113 114 115 116 118 119 123 149 150 153 155 157 158 159 160 161 169 171 187 188 189 203 209 

1 27 

16 26 

13 25 

14 24 

12 23 

11 30 

3 31 

10 32 

9 29 

8 28 

15 22 

7 21 

6 64 65 66 67 

5 20 

4 62 63 68 69 

19 33 36 71 72 73 74 75 76 77 78 80 82 85 88 91 92 

41 43 47 54 70 79 81 101 128 129 130 139 144 

18 45 51 90 131 132 133 134 135 136 137 138 

48 57 61 83 140 141 142 143 

56 60 84 99 106 108 109 110 125 154 156 210 

59 107 117 124 126 127 145 146 147 148 151 152 162 164 165 166 172 190 191 193 208 211 

120 122 163 167 168 170 173 175 181 182 183 184 185 186 192 200 206 

121 174 176 177 180 194 195 197 198 202 204 205 207 

178 179 196 199 201 

Tempo (em ms): 3
Número de cores usadas: 25
