2 3 4 7 8 9 11 13 16 17 19 20 21 22 24 25 26 27 28 29 31 32 35 38 39 42 44 45 47 48 49 55 56 61 65 66 67 70 72 73 74 79 80 81 82 89 90 91 93 97 100 101 102 103 104 106 107 108 109 111 112 113 115 116 118 120 122 126 127 129 131 133 137 139 142 144 147 148 150 153 155 156 157 165 167 168 170 173 176 177 180 183 187 189 190 191 194 198 200 202 203 205 206 210 212 213 214 216 220 224 225 228 229 232 233 235 236 237 238 239 240 241 243 244 246 248 250 252 253 256 257 263 266 269 270 271 274 278 282 284 287 289 290 293 295 296 298 303 305 307 309 314 318 322 324 325 328 334 338 353 355 359 364 366 375 377 386 387 388 389 392 399 404 409 412 414 417 420 422 423 430 431 434 435 437 439 442 443 446 452 454 455 461 464 466 469 477 486 487 488 490 494 500 506 509 513 514 515 520 522 523 530 537 543 547 548 550 557 

1 5 6 14 15 18 23 36 37 41 43 46 50 52 53 57 58 59 60 62 63 64 68 69 71 75 76 77 78 84 92 94 95 96 98 105 110 114 117 121 123 124 125 132 136 138 140 141 143 149 152 158 159 161 162 163 166 172 174 175 179 181 182 184 186 193 195 197 199 201 208 209 215 217 218 221 223 226 227 230 231 234 245 247 251 254 255 258 259 261 265 268 272 273 275 279 283 285 288 292 294 299 301 302 304 306 308 310 311 312 315 316 321 323 326 331 332 333 337 339 341 342 343 346 347 350 351 352 354 358 360 362 363 370 371 372 373 374 376 378 379 382 383 384 390 394 395 396 403 405 406 407 413 418 419 421 428 429 432 436 438 440 444 449 453 456 457 458 459 460 463 467 468 470 471 473 474 478 481 482 484 493 495 499 503 504 516 518 519 521 524 525 527 529 531 532 534 535 536 539 540 544 551 552 556 559 561 

10 33 34 40 51 54 83 85 87 128 130 134 145 146 151 154 185 192 196 204 207 219 222 242 249 260 264 276 280 286 291 297 313 320 327 330 340 344 385 393 397 398 401 402 411 416 427 441 448 450 451 465 472 475 476 489 501 502 507 511 512 528 546 549 554 

12 30 86 88 99 160 169 171 188 211 267 277 281 300 317 329 336 345 348 356 361 365 380 391 424 425 426 479 483 492 497 505 508 517 526 542 553 

119 164 178 262 319 349 368 381 415 433 445 462 491 510 533 555 558 

135 357 367 400 408 447 480 496 538 545 

335 369 410 498 

485 541 560 

Tempo (em ms): 27
Número de cores usadas: 8
