2 17 91 99 101 102 103 107 108 109 116 117 118 120 121 123 130 134 177 180 181 182 183 209 210 212 225 226 227 237 249 251 269 275 281 282 303 305 309 312 354 377 378 382 384 385 386 388 390 391 393 395 400 401 414 434 435 469 505 506 507 508 515 516 530 531 538 557 559 570 571 573 576 582 595 600 604 609 610 611 613 614 615 616 621 622 633 636 644 

1 26 

3 25 

16 24 

12 32 

13 31 

10 30 

11 29 

9 28 

14 27 

8 23 

22 38 75 

21 74 76 

7 20 

19 72 73 77 

15 18 

33 35 36 37 39 42 45 46 48 63 64 65 66 67 68 69 70 71 78 81 371 373 

6 34 40 41 43 44 47 49 52 54 55 56 59 62 83 84 85 86 88 89 90 356 357 364 365 366 367 368 369 372 374 376 

51 53 57 58 61 79 82 87 97 106 141 153 156 358 370 375 379 380 383 389 394 

5 60 98 100 104 105 169 178 179 229 231 236 238 239 240 244 248 271 272 274 276 315 316 327 332 337 345 348 349 350 351 352 353 355 381 387 392 396 397 398 402 405 408 409 410 411 413 433 471 473 475 476 487 488 503 541 542 594 602 603 607 608 612 

4 50 110 119 245 250 273 277 280 329 336 359 399 403 406 412 419 420 421 472 474 478 481 485 486 489 495 496 504 540 544 545 586 587 597 601 618 623 

80 92 115 131 185 187 211 224 252 270 278 284 285 286 290 291 292 293 295 330 363 404 407 417 418 424 425 426 427 428 477 482 484 511 517 539 543 546 575 577 578 581 617 619 628 629 630 

93 135 136 139 142 144 145 184 188 216 217 218 279 283 287 294 331 343 346 347 360 361 362 415 416 422 423 429 479 483 501 502 509 510 512 513 521 522 523 547 549 550 551 552 555 556 558 561 562 564 566 572 579 580 584 585 588 590 592 596 598 599 605 606 620 626 627 631 634 

94 96 137 138 140 143 146 148 149 151 154 155 158 159 160 162 163 165 166 168 170 172 173 176 186 190 194 195 203 205 208 214 215 221 222 230 233 235 241 243 247 288 299 300 301 306 311 313 319 320 321 323 324 325 326 333 335 338 339 341 342 344 430 437 464 466 467 468 480 494 497 514 519 520 526 527 532 537 548 553 554 560 563 565 568 574 583 589 591 593 624 625 632 635 

95 111 147 150 152 157 161 164 167 171 174 175 189 192 198 199 213 219 220 223 232 234 242 246 289 296 298 302 304 317 318 322 328 334 340 431 438 442 452 453 454 455 490 492 493 498 500 518 524 525 528 534 535 536 567 569 637 639 640 642 643 645 

112 122 191 193 196 197 200 201 204 206 207 228 253 261 262 263 267 268 297 307 308 310 314 432 440 441 445 446 447 456 462 463 491 499 529 533 638 641 

113 114 202 254 256 257 259 264 265 266 436 439 443 444 449 450 458 459 460 461 465 470 

124 125 126 127 128 133 255 258 260 448 451 457 

129 132 

Tempo (em ms): 34
Número de cores usadas: 29
