1 5 22 44 54 104 105 112 124 142 153 159 183 186 193 229 234 236 238 241 284 309 313 315 316 328 

2 13 27 40 82 91 103 136 137 138 155 174 195 233 237 285 351 

7 11 19 33 35 75 86 99 113 121 161 188 194 204 228 231 245 314 344 348 

3 6 21 31 39 51 65 100 109 125 140 150 156 171 185 240 306 

24 45 49 57 77 84 94 116 152 154 162 187 235 250 329 

4 12 18 43 87 110 135 145 176 179 273 279 330 

10 20 53 96 108 123 191 232 252 261 340 

15 17 30 52 117 127 141 151 168 173 180 239 253 263 343 

50 106 120 146 167 177 198 199 200 244 256 266 286 294 302 323 327 331 339 347 

16 28 37 64 83 115 119 132 144 169 201 211 251 318 

42 55 59 102 122 219 242 246 257 287 295 307 342 345 

14 114 128 143 196 202 210 247 272 278 310 326 338 

23 29 34 79 92 118 126 157 192 197 208 254 308 

63 107 133 149 175 178 249 311 

38 68 163 189 243 255 290 299 321 337 

8 9 26 32 61 89 95 129 226 275 277 281 301 

46 67 71 101 148 184 190 267 271 289 324 

60 70 74 93 97 224 268 288 305 319 346 

36 41 88 134 147 158 160 203 214 223 352 

48 66 72 78 90 111 227 258 274 280 317 

58 73 164 181 206 215 291 325 334 

76 85 212 218 259 296 320 341 349 

47 62 81 98 248 264 276 282 293 

139 182 217 262 269 300 304 

25 56 69 130 172 205 209 225 270 297 

207 260 283 298 312 322 332 335 350 

80 131 230 265 292 

170 303 333 336 

165 216 221 222 

166 220 

213 

Tempo (em ms): 4
Número de cores usadas: 31
