25 56 70 71 84 85 95 96 98 99 106 107 108 113 125 142 199 

9 26 40 54 55 68 69 79 83 92 97 114 123 126 128 136 141 185 

11 22 39 53 67 76 82 93 100 112 122 127 129 139 158 201 

23 37 52 72 80 86 105 109 110 111 115 130 140 145 155 

7 36 38 57 62 66 81 101 120 124 131 143 153 160 168 170 189 

8 13 21 41 50 51 65 90 94 116 134 137 138 144 156 157 175 182 183 

20 35 42 49 61 64 87 102 121 133 146 151 152 159 190 198 211 

12 19 32 34 58 63 117 148 154 161 167 169 171 172 174 205 

5 10 18 31 33 43 118 132 147 173 184 186 196 204 224 

3 4 6 14 15 17 44 73 78 104 149 162 166 176 187 200 220 

2 27 28 29 47 48 77 88 103 163 177 188 206 217 

1 24 59 74 89 164 178 191 197 202 222 

30 45 46 179 192 203 223 

16 60 75 119 150 180 193 210 219 

91 181 194 207 225 

135 208 209 221 

165 195 218 

216 

215 

214 

213 

212 

Tempo (em ms): 3
Número de cores usadas: 22
