1 2 5 6 7 9 10 12 13 17 18 21 23 24 31 32 34 36 46 77 82 87 128 156 170 202 212 254 261 347 377 

3 4 8 11 14 15 16 20 26 30 41 45 47 52 55 56 62 64 66 72 74 79 83 100 107 110 112 132 188 208 209 378 431 

19 22 25 27 29 42 44 50 53 57 59 69 73 75 101 103 105 109 123 124 133 147 148 195 203 214 216 237 275 293 332 340 400 439 

28 37 38 40 51 54 60 80 84 89 90 91 97 98 111 115 117 119 129 140 150 153 159 162 172 181 182 219 230 241 262 264 410 416 438 

33 35 39 49 63 65 88 95 116 118 120 127 130 157 163 165 167 178 187 189 196 223 247 250 251 263 267 284 295 314 318 321 337 363 390 430 

43 48 58 61 67 68 71 78 85 86 92 93 99 102 106 108 121 134 142 149 168 179 193 198 205 221 224 232 234 256 259 279 283 329 338 343 388 394 401 413 

70 76 81 94 96 104 113 125 126 135 136 138 141 143 161 169 171 175 180 183 185 190 194 210 213 229 242 257 265 298 302 311 312 317 334 365 375 409 427 437 

122 131 137 139 145 146 164 176 186 201 220 231 233 236 240 243 246 248 253 266 276 282 287 323 328 331 339 341 342 349 350 356 403 411 421 423 428 440 446 

114 144 152 154 160 174 177 191 192 199 204 206 225 228 235 245 258 269 270 272 273 277 281 285 296 307 325 344 351 354 382 396 399 414 436 448 

151 155 158 166 173 215 218 222 226 227 239 274 278 286 289 292 304 310 316 319 336 360 367 376 380 387 408 426 

184 197 200 211 217 268 271 280 290 294 297 299 301 324 335 345 348 353 362 370 372 389 392 393 405 417 420 433 442 445 447 

207 238 244 249 255 288 291 300 303 308 313 320 326 330 333 346 369 373 374 384 407 415 418 429 

252 260 305 306 309 315 359 361 366 368 385 386 391 397 432 444 450 

322 327 352 358 371 398 402 404 412 419 425 434 435 441 443 449 

355 357 364 379 381 383 395 406 422 

424 

Tempo (em ms): 14
Número de cores usadas: 16
