1 2 3 4 5 7 8 9 10 13 17 19 20 21 27 28 30 33 40 54 55 72 73 77 90 100 103 105 142 151 168 177 204 269 388 407 425 

6 11 12 15 16 18 22 23 25 29 31 32 34 37 41 42 44 45 46 47 69 80 89 109 128 132 153 155 156 160 196 237 241 258 268 273 285 303 323 327 336 402 

14 24 35 38 39 50 51 57 62 63 64 65 68 76 78 79 126 131 139 140 157 163 167 205 217 219 230 232 236 270 284 295 317 325 348 398 411 

26 49 52 53 56 59 60 61 67 71 84 87 91 96 101 102 104 107 112 127 162 164 165 171 189 192 249 250 299 301 309 351 371 

43 58 66 70 74 82 83 88 94 98 106 108 111 113 114 125 129 141 143 176 183 184 218 220 224 240 253 259 264 283 305 322 340 366 420 424 440 

36 48 81 85 86 99 116 119 120 122 123 124 130 134 135 136 137 138 144 166 169 175 185 186 188 198 203 227 238 255 263 281 308 359 399 410 433 

95 97 115 147 148 149 150 158 170 173 178 180 182 190 193 214 221 222 235 246 266 286 287 297 334 344 391 394 403 423 432 446 

92 93 110 118 133 152 154 179 181 199 200 206 207 209 211 223 225 226 229 234 261 262 267 341 346 358 361 370 384 404 437 

75 117 159 161 194 195 197 201 202 210 228 231 244 248 252 256 257 265 272 274 279 288 316 320 326 328 331 354 378 445 

172 187 191 208 233 254 260 280 289 292 293 294 298 304 311 314 324 342 343 349 350 362 380 392 418 421 434 443 

121 145 212 215 216 239 251 271 275 276 278 282 290 291 300 306 307 313 330 356 360 368 372 375 385 395 396 401 405 427 435 

146 213 242 243 245 277 296 302 310 315 321 333 338 339 352 353 355 357 364 373 374 376 382 386 387 416 428 436 

174 318 319 329 332 335 337 345 347 365 377 379 409 412 417 429 431 439 448 449 

312 363 369 383 393 397 400 408 415 422 426 430 444 447 450 

247 367 381 389 414 419 441 

390 406 413 442 

438 

Tempo (em ms): 6
Número de cores usadas: 17
