1 2 3 4 5 6 7 9 10 11 12 13 14 15 16 17 20 22 23 24 26 27 28 30 31 33 34 35 36 40 41 42 47 50 53 59 64 65 68 69 75 84 87 94 95 107 112 115 129 148 151 167 168 179 194 211 212 220 253 272 276 278 285 299 316 322 344 353 387 389 408 411 424 434 436 

8 18 21 25 29 32 37 43 44 46 49 52 54 55 56 60 63 66 67 71 73 74 78 91 98 105 108 117 124 125 149 162 171 180 184 189 201 210 214 215 218 225 232 233 236 242 243 244 250 267 279 295 298 303 314 323 324 338 354 373 403 420 431 447 

19 38 39 45 48 51 57 58 62 70 77 79 80 81 82 83 88 90 92 93 100 101 103 113 126 130 138 145 154 155 157 164 176 185 187 190 241 247 341 359 393 394 396 412 437 438 

61 72 89 96 97 111 114 116 118 122 123 128 131 135 137 139 146 147 150 153 158 160 161 166 172 177 182 183 199 202 222 235 240 257 258 337 350 362 390 405 448 

76 85 86 106 109 110 119 121 127 132 133 134 136 140 141 143 144 156 159 163 170 173 196 203 216 219 254 262 286 288 289 297 304 307 326 328 339 382 399 

99 102 104 120 142 152 174 175 186 191 192 195 197 204 205 206 207 221 229 230 238 259 269 277 280 294 315 317 342 357 379 

165 169 181 188 198 200 208 209 223 224 227 234 237 239 246 249 256 268 274 281 300 310 320 321 325 331 340 363 369 388 410 435 439 449 

178 193 213 217 231 245 248 251 252 255 260 261 263 270 271 273 275 282 283 287 291 292 293 302 311 312 313 332 334 365 367 378 391 392 414 417 423 441 

226 264 265 266 284 290 296 301 305 308 309 319 327 336 343 348 355 356 358 368 372 375 383 386 395 406 421 422 426 428 433 

228 306 329 330 333 345 352 360 361 370 376 380 384 397 401 402 404 409 413 416 425 427 445 450 

318 335 346 347 349 364 371 377 381 385 398 407 442 446 

351 366 374 400 418 419 432 444 

415 429 430 440 

443 

Tempo (em ms): 5
Número de cores usadas: 14
