38 52 64 65 66 78 85 86 87 89 90 91 107 114 118 158 

24 37 50 51 63 72 79 92 99 101 103 104 105 106 172 

7 9 36 40 49 53 62 71 73 74 76 93 110 117 120 129 

21 35 48 68 75 77 94 102 119 121 131 143 148 

8 12 22 25 26 34 39 58 60 61 80 96 108 115 122 132 149 157 189 

6 19 20 23 33 44 46 47 67 116 128 130 133 144 150 162 

11 18 27 32 45 81 88 109 113 125 134 142 145 166 169 191 

4 5 41 54 59 98 100 123 127 135 136 146 147 156 167 183 

13 14 29 30 82 95 137 151 159 161 171 192 

15 28 31 55 83 124 138 152 160 170 193 

3 10 17 42 57 97 139 141 163 173 181 190 

2 16 43 69 126 153 164 174 185 

1 56 70 111 140 154 165 175 194 

84 112 155 168 176 195 

177 178 196 

179 180 188 

182 187 

186 

184 

Tempo (em ms): 2
Número de cores usadas: 19
