1 2 3 4 5 8 9 12 13 14 15 16 17 18 19 20 22 25 26 28 29 35 38 41 47 49 51 52 55 56 57 62 63 66 67 77 83 90 97 98 99 103 105 107 147 153 175 181 186 193 195 202 234 237 258 260 296 312 318 344 350 357 367 370 387 395 406 412 

6 7 10 11 23 24 27 30 32 34 37 39 48 58 65 70 73 80 81 85 88 92 95 96 102 106 117 145 155 159 163 165 168 173 200 201 209 213 215 217 222 230 248 274 287 288 293 320 326 389 408 409 414 432 436 437 

21 31 36 40 42 43 44 46 53 60 61 68 79 82 84 104 108 109 116 119 121 128 136 140 144 149 160 161 169 171 192 207 212 221 243 250 256 289 302 307 329 361 379 385 392 404 417 435 441 

33 45 50 59 71 72 78 87 89 91 125 126 129 132 133 141 151 154 164 172 177 199 210 214 216 231 244 245 246 263 265 275 292 297 323 325 331 332 345 418 

64 69 74 76 86 101 114 115 122 127 130 138 148 167 178 179 182 218 219 236 252 253 269 271 272 280 306 316 324 346 349 355 362 383 402 403 434 440 

54 75 93 94 100 135 142 174 180 183 185 190 194 196 228 240 261 264 266 267 283 303 305 348 360 368 393 413 416 429 442 443 448 

113 120 123 124 131 143 146 150 152 158 176 184 188 197 232 276 277 279 301 314 317 328 333 351 369 376 381 391 398 427 430 445 

110 112 118 134 139 157 162 166 170 189 198 203 204 206 211 226 229 233 235 239 241 242 255 262 286 300 310 311 313 322 330 335 339 341 353 356 359 

111 137 205 220 225 227 247 251 259 268 273 291 295 304 308 315 327 337 338 347 365 377 378 382 399 400 407 411 419 424 426 433 447 

156 191 223 224 249 270 278 282 284 290 294 298 299 309 321 334 340 343 352 354 363 366 371 373 386 390 397 415 423 425 428 446 449 

187 208 238 257 281 285 319 336 342 358 364 372 374 375 380 384 394 401 405 410 431 439 450 

254 388 396 420 421 422 438 

444 

Tempo (em ms): 3
Número de cores usadas: 13
