1 2 3 5 6 7 10 12 13 14 15 18 19 20 40 55 60 63 67 91 143 145 147 155 195 238 241 347 398 

4 8 9 11 21 23 26 28 29 31 36 37 47 49 52 54 56 59 69 71 86 93 103 104 105 113 115 118 141 199 205 226 229 253 273 311 324 343 399 406 

16 17 25 30 34 35 39 41 42 44 45 50 58 85 90 94 96 97 106 108 111 124 130 157 183 200 202 203 214 256 309 381 391 402 

24 32 48 51 53 61 62 66 72 77 81 82 84 87 116 122 129 144 146 158 161 167 175 181 196 251 260 284 292 364 365 372 432 

22 27 33 38 43 70 73 75 79 89 92 98 99 114 120 125 127 134 139 150 153 208 235 246 252 255 310 314 357 374 435 

46 65 68 74 78 83 95 100 102 107 109 117 119 126 165 217 245 288 289 313 325 348 370 425 443 448 

57 64 76 80 88 101 110 112 121 128 132 142 148 152 156 160 166 176 186 191 197 213 221 224 225 239 269 321 329 411 434 

123 135 136 138 151 154 163 169 171 180 185 198 216 220 222 236 237 243 249 250 298 320 379 397 437 440 444 

131 133 137 140 149 159 164 170 174 184 188 189 201 215 218 219 228 244 248 275 294 303 333 341 342 359 392 423 

162 172 178 179 182 192 207 227 254 257 270 279 322 326 327 328 335 360 377 422 449 

168 173 187 193 209 211 212 231 232 233 240 242 247 259 263 274 283 287 293 304 371 373 383 389 395 403 

177 190 194 204 223 261 262 265 276 277 280 295 299 332 339 351 352 353 375 400 409 415 427 441 

210 230 234 258 264 266 281 285 290 301 305 307 315 317 319 323 331 344 349 361 368 382 413 417 445 

206 267 271 282 291 296 297 300 302 306 308 316 337 338 340 346 358 369 380 388 401 416 446 

268 278 336 345 354 356 363 376 378 387 393 418 419 421 428 429 438 439 442 

272 286 312 330 334 350 362 366 385 407 410 414 420 430 431 450 

318 355 367 384 386 390 408 424 426 

394 396 412 436 447 

404 433 

405 

Tempo (em ms): 8
Número de cores usadas: 20
