1 2 3 4 5 6 7 12 13 14 15 16 17 20 23 27 29 35 36 39 42 43 49 63 67 70 82 84 88 94 98 114 131 138 139 148 149 168 184 194 214 248 273 299 303 339 363 388 424 

8 9 11 18 21 24 28 31 32 33 37 38 44 45 48 52 53 55 59 62 68 69 79 85 86 87 89 91 92 102 103 123 130 153 177 178 188 189 202 213 215 223 228 237 259 262 282 308 311 313 314 319 413 438 439 

10 26 30 40 46 47 50 51 54 57 58 60 61 74 75 78 81 90 93 95 99 104 109 110 113 115 116 118 120 136 143 144 145 154 155 164 179 190 197 217 222 229 233 239 240 242 244 264 265 270 286 287 304 309 344 354 359 365 385 386 389 393 410 

19 22 25 41 64 65 66 71 72 77 96 97 105 111 124 125 129 132 135 137 142 163 173 174 175 198 221 227 234 236 238 263 266 281 288 315 337 338 343 348 356 361 362 368 378 382 399 441 444 

34 73 76 80 83 100 112 119 121 122 134 140 141 146 150 159 160 162 165 166 170 171 180 186 200 206 211 212 219 225 232 249 251 253 254 267 275 285 290 291 296 301 306 316 342 350 353 358 400 401 418 434 

56 101 106 107 117 126 133 147 151 158 161 169 182 187 191 201 205 210 224 231 235 243 245 252 255 272 274 283 284 292 293 295 323 325 326 381 398 405 408 412 425 429 443 446 

108 152 156 167 176 181 183 192 196 199 203 216 218 230 241 246 247 250 261 268 294 300 302 305 310 318 328 329 330 332 341 345 347 349 351 352 373 375 383 387 390 392 409 414 415 416 421 431 448 

127 128 157 185 193 207 208 209 226 257 271 277 280 289 297 307 312 317 322 331 333 366 371 376 395 397 402 403 407 417 427 432 435 436 437 440 442 

220 256 260 298 320 321 324 327 335 340 369 370 379 380 384 391 396 404 411 420 423 449 

195 204 258 269 276 279 334 346 355 357 374 406 419 422 445 447 450 

172 278 336 360 364 367 372 394 426 428 433 

377 430 

Tempo (em ms): 2
Número de cores usadas: 12
