2 17 108 126 138 140 148 150 156 158 178 181 

1 26 

16 25 

3 24 

14 23 

13 22 

10 21 

12 20 

9 19 

11 32 

8 31 

7 30 

6 29 

28 33 46 47 48 49 

5 27 

18 50 

34 35 36 37 38 39 40 41 42 43 44 45 51 55 56 57 58 59 60 125 160 164 173 174 176 183 184 

4 62 68 69 71 159 165 166 167 168 169 170 171 172 175 182 

15 72 73 75 76 79 80 81 82 83 177 

52 74 77 78 84 85 

53 86 

54 87 88 89 

61 63 90 161 179 180 

64 70 91 92 162 

67 93 163 

65 66 94 95 

96 100 101 102 103 104 105 106 107 111 112 118 120 128 136 137 141 146 147 

97 98 109 113 114 117 121 123 124 127 130 133 134 139 143 144 145 149 151 152 153 154 155 157 

99 110 116 122 129 131 132 135 142 

115 119 

Tempo (em ms): 9
Número de cores usadas: 30
