2 17 35 92 93 94 97 101 104 107 110 111 114 118 120 122 123 124 125 126 127 128 129 131 135 136 138 140 144 146 147 148 149 150 151 153 154 155 156 157 158 160 161 164 167 169 171 172 176 177 178 179 181 184 189 194 195 198 203 206 211 213 216 218 221 223 226 228 231 235 237 243 244 246 247 248 249 250 252 259 260 263 265 269 273 275 279 281 284 286 289 291 293 294 295 296 298 299 300 301 303 308 310 311 315 316 317 319 320 322 324 326 330 332 333 335 341 343 346 348 350 352 354 355 357 359 361 363 367 370 375 380 381 383 386 388 390 391 392 394 395 396 398 399 403 406 408 410 411 412 413 415 416 417 419 424 426 427 429 433 434 436 438 439 440 447 449 450 456 457 459 462 464 468 469 470 471 475 483 484 488 489 490 493 495 497 499 502 503 505 509 511 512 514 515 516 517 519 520 522 523 524 526 527 528 529 531 532 533 535 536 537 538 540 548 551 553 554 555 556 558 559 561 563 568 570 571 578 580 581 582 586 590 597 600 607 609 614 618 622 623 625 629 632 634 637 639 643 650 653 661 666 667 668 669 671 677 678 681 683 685 686 687 688 690 691 692 694 699 701 702 706 710 714 715 717 719 720 723 725 727 736 737 738 740 741 742 744 749 752 753 755 757 759 760 762 763 764 767 769 770 773 774 776 781 783 788 791 792 793 795 797 799 800 802 805 806 811 812 813 814 815 816 817 818 819 820 821 822 824 828 831 833 834 835 836 838 839 840 843 848 850 851 854 860 862 863 

1 32 

3 31 

12 34 36 37 38 40 47 52 53 54 73 

13 33 42 46 48 49 50 51 57 62 68 69 74 

11 44 45 58 60 63 66 70 71 75 

14 30 

16 29 

15 28 

10 27 

39 41 59 61 76 81 

43 56 72 77 82 

55 67 78 83 

64 65 79 84 

80 85 

26 89 

25 88 

86 90 102 

24 87 

23 91 112 

9 22 

8 21 

7 20 

6 19 

5 18 

4 95 108 507 508 513 

98 105 109 113 180 182 186 190 192 193 477 481 482 492 498 501 530 560 638 663 664 680 730 732 734 735 758 798 807 808 

96 99 100 103 106 116 117 119 134 183 185 187 188 191 196 199 200 201 204 205 208 209 212 214 217 219 220 224 225 229 232 233 236 241 266 271 290 323 328 331 340 344 349 430 437 441 448 451 452 454 455 458 463 465 467 472 474 476 478 479 494 500 504 506 521 534 579 616 619 620 621 640 656 658 707 713 729 731 733 841 

115 121 130 132 133 139 197 202 207 210 215 222 227 230 234 238 239 240 264 268 272 327 329 342 351 445 446 453 460 466 473 496 510 518 525 583 588 601 602 603 604 652 654 655 659 662 709 711 712 856 857 859 861 

137 142 152 159 242 267 270 274 276 277 278 334 358 371 372 373 378 379 442 491 547 584 587 592 593 594 605 613 615 633 635 648 649 651 660 665 708 855 858 

141 143 145 173 245 258 280 282 287 288 321 325 336 345 353 360 364 365 368 374 376 377 384 487 539 541 542 543 544 545 546 585 589 591 595 598 608 610 611 612 617 626 823 825 

162 163 165 166 168 175 251 253 254 255 256 257 283 337 347 356 362 366 369 385 389 393 443 480 485 486 549 557 596 599 606 624 627 641 646 647 657 718 790 803 804 809 810 827 

170 174 261 297 314 339 382 387 397 400 444 461 550 566 567 569 628 631 636 642 645 670 722 724 779 780 794 796 826 

262 306 307 309 338 401 552 562 565 572 630 644 672 721 726 765 766 772 829 837 

285 292 302 305 312 402 564 573 673 728 739 745 746 748 751 768 771 775 778 782 785 787 789 801 830 846 847 849 

304 313 404 414 574 674 743 747 750 754 756 777 784 786 832 844 845 852 

318 405 575 675 761 842 853 

407 422 423 428 576 676 864 

409 418 421 425 577 679 689 716 

420 431 432 435 682 697 698 700 

684 695 696 703 

693 704 

705 

Tempo (em ms): 27
Número de cores usadas: 43
