2 17 108 128 140 142 150 152 158 160 180 183 

1 26 

16 25 

3 24 

14 23 

13 22 

10 21 

12 20 

9 19 

11 31 

8 28 

7 27 

6 29 

30 33 46 47 48 49 

18 50 

5 32 

34 35 36 37 38 39 40 41 42 43 44 45 51 55 56 57 58 59 60 127 162 167 175 176 178 185 186 

15 62 68 69 71 161 166 168 169 170 171 172 173 174 177 184 

4 72 73 75 76 79 80 81 82 83 179 

52 74 77 78 84 85 

53 86 

54 87 88 89 

61 63 90 163 181 182 

64 67 91 92 164 

65 66 93 165 

70 94 95 

96 100 101 102 103 104 105 106 107 111 112 119 122 130 138 139 143 148 149 

97 99 110 113 116 117 123 124 126 129 134 135 136 141 144 146 147 151 153 154 155 156 157 159 

98 109 114 118 121 125 131 132 133 137 145 

115 120 

Tempo (em ms): 2
Número de cores usadas: 30
