2 17 58 61 66 69 70 72 76 78 79 81 82 84 86 89 92 94 95 97 98 100 101 103 105 106 110 113 115 116 119 122 123 124 132 133 134 140 141 143 155 156 158 159 167 168 170 171 172 175 179 180 182 183 185 186 188 190 193 194 196 

1 26 

3 33 38 39 

14 35 36 37 40 

13 41 

12 42 

34 43 47 

11 44 

45 48 

16 25 

46 49 

10 24 

50 56 

51 57 

9 59 60 

8 23 

22 52 

7 21 

20 53 

54 62 189 

6 19 

5 18 

32 55 

15 31 

4 30 

29 65 191 192 

28 67 

27 68 75 

63 71 74 184 187 197 

64 80 195 

73 83 121 125 126 127 128 129 130 131 135 136 137 139 145 153 154 160 165 166 

77 85 138 147 150 151 162 163 164 173 174 176 177 178 

87 149 161 

88 

90 91 99 

93 96 104 

107 

102 108 109 111 

112 

114 

117 118 

120 

142 144 157 169 181 

146 148 152 

Tempo (em ms): 4
Número de cores usadas: 44
