1 2 3 4 6 7 8 9 10 11 12 14 15 17 18 19 20 21 23 26 29 30 33 35 36 44 51 53 57 59 64 65 69 74 76 79 83 85 89 93 97 98 102 107 108 114 119 126 129 134 139 141 148 150 154 155 164 175 179 189 204 208 239 248 268 296 322 329 344 360 361 409 419 

5 16 22 24 27 28 31 32 34 37 39 40 41 42 43 45 46 48 49 50 52 58 62 63 68 70 80 87 95 100 101 106 110 115 117 135 140 161 170 174 185 186 196 207 213 214 215 219 220 221 234 237 242 247 254 264 266 276 280 292 293 300 302 311 346 364 365 369 390 391 399 417 439 440 

13 25 47 54 55 61 67 75 86 92 103 105 113 116 118 120 121 125 130 136 142 146 147 151 157 167 169 172 176 180 181 192 193 194 205 216 217 218 225 226 230 231 233 240 241 251 256 262 263 306 340 341 345 352 355 368 371 375 394 424 435 442 446 450 

56 60 66 71 72 77 81 90 91 96 99 104 109 111 124 131 132 137 143 145 156 158 160 162 168 171 173 177 178 182 184 195 199 201 202 209 210 212 236 244 246 249 260 270 284 286 310 314 316 326 328 335 339 343 348 351 354 356 396 398 400 402 414 420 438 441 

38 73 78 88 94 123 127 128 133 138 144 153 159 163 165 166 183 188 190 197 200 203 211 223 232 235 238 245 252 253 259 271 275 283 289 299 303 308 315 321 324 336 338 342 350 358 377 378 382 385 386 388 389 392 397 416 449 

84 112 149 152 198 206 222 224 227 250 255 257 267 269 277 278 279 281 282 288 290 294 295 297 298 304 312 313 317 323 325 327 330 331 332 337 347 367 372 376 381 383 393 401 403 404 405 406 410 411 413 418 422 426 429 431 437 

82 187 191 228 229 243 258 261 265 272 287 291 301 307 309 318 333 353 359 370 373 374 384 387 407 408 412 415 421 423 428 430 436 

122 273 285 305 319 320 362 379 395 425 427 432 433 434 443 444 447 448 

274 334 349 357 363 380 445 

366 

Tempo (em ms): 9
Número de cores usadas: 10
