17 34 35 37 38 39 40 42 44 46 49 50 52 53 55 58 71 82 85 89 91 93 94 96 98 99 100 101 102 104 105 107 108 109 110 111 112 115 116 117 118 119 120 122 123 125 127 128 130 131 133 136 137 138 139 143 144 147 148 150 151 152 153 154 155 156 157 158 165 167 168 169 170 171 173 185 186 187 188 189 192 194 196 204 205 209 210 

27 72 

2 28 

29 33 36 73 

16 30 

15 31 

14 32 

13 26 

12 25 

11 24 

1 23 

3 22 

41 43 47 54 63 74 

45 64 75 

48 51 65 76 

57 59 61 66 77 

56 60 62 67 78 

68 79 81 84 

88 103 

69 90 

70 92 

10 80 

9 83 

86 95 97 106 

8 87 

7 21 

6 20 

5 19 

4 18 

113 114 121 124 132 140 149 211 

126 129 134 135 141 142 145 146 159 161 162 175 176 179 180 181 182 183 184 

160 163 164 172 190 191 195 208 

166 174 193 201 207 

177 178 197 198 200 203 206 

199 202 

Tempo (em ms): 5
Número de cores usadas: 35
