1 92 183 274 371 462 553 651 742 841 

2 91 380 471 562 642 733 

3 181 390 479 571 650 823 

4 271 399 490 578 740 839 

5 182 273 407 498 589 641 732 831 

6 416 507 598 

7 425 516 607 

8 434 525 616 

9 443 534 625 

10 101 192 283 362 453 544 

11 100 193 282 379 472 561 634 723 850 

12 103 190 281 391 478 570 667 759 812 

13 102 191 280 400 489 577 660 748 829 

14 105 196 287 411 502 593 691 782 881 

15 104 197 286 420 512 601 683 772 890 

16 107 194 285 431 519 610 708 799 861 

17 106 195 284 440 529 618 700 789 870 

18 442 535 624 633 722 840 

19 110 201 292 361 

20 109 202 291 370 463 552 

21 112 199 290 569 758 811 

22 111 200 289 488 659 820 

23 114 205 296 

24 113 206 295 

25 116 203 294 

26 115 204 293 

27 445 532 623 658 749 

28 119 210 301 452 832 

29 118 211 300 551 849 

30 121 208 299 382 469 560 

31 120 209 298 739 

32 123 214 305 

33 122 215 304 

34 125 212 303 

35 124 213 302 

36 444 533 622 

37 128 219 310 543 

38 127 220 309 

39 130 217 308 381 

40 129 218 307 568 

41 132 223 314 

42 131 224 313 

43 134 221 312 

44 133 222 311 

45 447 538 629 681 871 

46 137 228 319 

47 136 229 318 

48 139 226 317 

49 138 227 316 

50 141 232 323 402 493 584 

51 140 233 322 419 674 763 

52 143 230 321 518 707 852 

53 142 231 320 617 788 869 

54 446 539 628 673 762 880 

55 146 237 328 

56 145 238 327 

57 148 235 326 

58 147 236 325 

59 150 241 332 401 682 773 

60 149 242 331 410 503 592 

61 152 239 330 609 798 851 

62 151 240 329 528 699 860 

63 449 536 627 698 

64 155 246 337 

65 154 247 336 

66 157 244 335 

67 156 245 334 

68 159 250 341 492 872 

69 158 251 340 591 889 

70 161 248 339 422 509 600 

71 160 249 338 439 690 779 

72 448 537 626 

73 164 255 346 

74 163 256 345 

75 166 253 344 

76 165 254 343 

77 168 259 350 583 

78 167 260 349 

79 170 257 348 421 

80 169 258 347 430 608 

81 631 724 

82 173 264 355 

83 172 265 354 

84 175 262 353 

85 174 263 352 

86 177 268 359 

87 176 269 358 

88 179 266 357 

89 178 267 356 

90 433 524 615 821 

108 369 454 542 716 804 

117 396 481 572 807 

126 387 470 559 713 802 

135 414 496 587 712 803 

144 405 487 579 

153 432 514 605 

162 423 505 596 

171 451 545 824 

180 368 455 541 794 857 

198 363 459 546 666 753 898 

207 364 547 675 899 

216 365 548 684 900 

225 366 693 776 893 

234 367 702 785 

243 383 477 565 

252 384 563 780 897 

261 385 564 790 

270 388 485 573 638 726 

288 386 473 567 801 864 

297 389 482 576 644 738 

306 397 491 585 635 729 

315 392 480 678 774 837 

324 393 484 783 882 

333 394 694 792 819 

342 395 483 709 873 

351 398 640 

360 403 695 791 827 

98 189 404 495 580 711 796 895 

406 497 588 

408 499 586 838 

93 184 279 409 500 594 661 756 855 

97 186 412 501 590 

413 504 793 892 

415 506 597 

417 508 595 

185 418 510 599 662 751 

424 515 606 

426 517 604 

278 427 520 611 663 755 

94 188 428 521 612 765 891 

429 522 766 

435 523 614 649 

436 527 613 847 

276 437 526 619 670 843 

95 187 438 530 621 

441 620 809 817 

450 703 813 

456 549 645 

457 646 731 876 

458 647 734 888 

374 460 676 770 814 

474 566 636 728 

475 637 721 875 

476 725 

486 574 639 727 

275 494 581 656 743 

511 602 737 

513 648 730 

531 735 

277 540 736 

373 464 550 671 757 856 

575 632 836 

582 677 771 825 

603 643 

630 668 764 

375 554 685 815 

686 775 

704 822 

767 830 

376 465 784 865 

372 555 816 

378 557 810 818 

745 826 

747 828 

652 848 

654 866 

377 466 710 874 

467 665 883 

96 692 884 

272 468 750 894 

461 556 669 835 

558 653 

655 741 877 

657 744 

687 833 

696 834 

705 797 

99 714 805 

746 845 

768 867 

777 858 

701 786 885 

706 795 

664 752 879 

679 844 

688 842 

697 846 

715 806 

754 853 

760 859 

769 868 

778 886 

787 

672 761 

680 854 

689 781 

719 878 

720 887 

896 

717 862 

863 

718 

808 

800 

Tempo (em ms): 402
Número de cores usadas: 204
