1 5 6 8 9 10 11 13 14 16 17 20 22 26 28 30 40 53 55 58 63 66 77 90 103 104 126 162 228 250 364 445 

2 3 15 21 29 33 36 43 44 76 79 102 107 116 121 123 125 128 129 187 206 234 241 244 278 304 324 368 370 390 

4 7 12 18 19 24 38 45 46 47 48 56 62 65 71 72 74 86 89 111 117 136 144 163 181 189 207 230 240 311 338 342 347 

23 25 27 31 35 37 49 50 51 52 54 64 68 75 108 113 118 135 146 150 153 180 195 202 204 210 215 223 242 264 279 290 358 397 

32 41 42 59 60 61 67 70 73 78 80 81 83 87 92 97 99 110 132 137 152 168 177 188 193 201 237 251 270 272 292 429 447 

34 39 57 69 82 85 91 93 98 122 124 127 139 142 145 158 179 198 199 212 238 254 276 283 295 305 306 309 352 437 

84 88 95 101 112 114 115 120 130 134 138 143 148 154 159 172 173 200 220 245 268 269 277 300 316 330 353 386 398 432 440 

94 96 100 105 106 109 119 131 140 141 151 155 156 164 165 175 182 183 186 196 213 235 239 249 252 258 273 274 329 357 359 384 431 

133 157 160 161 167 170 176 190 191 192 214 216 217 219 221 224 227 246 259 261 285 287 291 293 303 307 308 383 385 416 439 446 

149 166 169 171 178 184 197 203 205 209 211 222 225 231 243 253 260 271 280 289 297 299 301 320 322 325 333 356 375 393 415 434 

174 208 229 232 233 236 257 262 263 267 275 281 310 313 314 315 318 319 326 339 340 346 350 381 394 406 408 413 414 418 421 

147 194 218 226 255 265 266 296 298 312 323 327 328 331 334 341 344 345 349 363 366 380 388 391 392 395 422 430 444 

185 247 256 282 284 286 288 294 317 321 332 335 355 367 379 387 396 411 419 433 435 438 441 448 

248 336 337 348 351 360 361 365 372 389 402 403 405 407 410 417 423 428 443 450 

302 343 354 369 371 373 376 377 378 382 399 400 404 409 427 442 

362 374 412 420 424 425 426 436 449 

401 

Tempo (em ms): 6
Número de cores usadas: 17
