1 17 

2 19 

3 33 38 77 90 96 102 108 109 184 197 

4 35 36 37 39 40 41 42 43 44 45 46 56 57 59 60 62 63 64 73 

5 93 120 189 

6 83 85 87 88 91 99 104 107 111 112 114 117 118 187 

7 142 146 148 152 157 169 181 195 

8 144 

9 20 

10 21 

11 22 

12 23 

13 24 

14 25 

15 26 

16 18 

27 34 68 121 125 126 127 128 129 130 136 137 139 145 151 154 160 164 166 173 174 176 177 178 191 192 

28 47 

29 48 

30 49 

31 50 

32 51 

52 

53 

54 

55 

65 

67 

71 

74 

75 

80 

131 135 138 147 150 153 161 163 165 

149 162 

Tempo (em ms): 1
Número de cores usadas: 34
