1 17 

2 19 

3 43 44 46 79 80 84 85 125 302 308 310 

4 33 63 76 77 78 113 114 116 117 119 120 121 122 123 124 

5 45 66 67 88 91 92 93 94 95 96 97 107 108 110 

6 38 47 59 81 132 136 145 147 151 170 172 

7 62 82 83 86 87 89 129 130 137 138 141 149 150 168 171 296 297 299 303 305 

8 50 74 156 161 313 315 

9 159 160 183 321 328 331 339 460 462 463 467 471 482 483 484 488 491 

10 55 166 325 327 329 333 336 338 459 465 469 470 480 486 490 

11 185 189 190 197 200 213 214 219 220 221 223 224 232 234 236 242 258 259 261 264 265 269 273 277 340 343 344 351 355 358 364 379 380 383 384 388 391 413 433 436 441 478 496 

12 218 222 225 226 228 230 238 239 240 241 262 263 267 271 275 276 386 390 401 404 407 411 412 431 434 438 

13 255 286 398 402 405 409 415 421 445 449 452 

14 443 451 

15 457 

16 20 

64 90 163 216 279 281 283 317 318 393 395 454 473 475 493 

98 182 360 

99 204 368 

100 201 203 366 

21 101 

22 102 

23 103 

24 104 

25 105 

26 106 

27 244 246 251 252 280 282 394 423 426 474 

28 245 248 250 

29 249 

30 

31 

32 

18 

