1 2 3 5 6 8 9 11 12 14 16 17 18 24 30 32 34 37 38 47 48 52 54 56 60 61 65 66 71 77 86 93 98 102 109 110 112 115 117 119 122 125 126 129 133 134 

4 7 10 13 15 19 20 22 23 25 26 27 28 31 36 39 41 42 43 44 49 50 53 58 62 63 67 69 70 75 82 84 87 88 90 94 97 104 105 107 111 113 114 120 121 123 124 128 132 

21 29 35 46 55 57 59 64 72 74 76 80 95 96 103 118 137 

40 79 92 100 101 106 131 138 

33 68 73 81 83 99 108 116 127 136 

45 51 78 91 130 135 

85 89 

Tempo (em ms): 0
Número de cores usadas: 7
