2 17 91 99 101 102 103 113 114 115 117 118 126 130 173 176 177 203 204 206 219 220 241 260 266 292 297 300 343 366 370 372 373 375 377 379 381 398 418 452 488 489 496 497 511 518 537 539 550 552 555 561 574 579 583 588 589 590 592 593 598 599 609 620 

1 26 

3 25 

16 24 

12 31 

13 30 

10 29 

11 28 

9 27 

8 23 

14 32 

22 38 75 

7 21 

20 73 74 76 

19 72 77 

15 18 

6 33 35 36 37 39 42 45 48 65 66 67 68 69 70 81 353 354 355 356 357 358 362 

34 40 41 43 44 46 49 52 54 55 56 59 62 63 64 71 78 83 84 85 87 88 89 90 345 348 360 361 363 365 

51 53 57 58 61 79 82 86 97 106 137 149 152 346 359 364 367 368 371 378 382 

5 47 60 98 100 104 105 165 174 175 222 224 229 230 231 232 236 242 262 263 265 267 303 304 315 318 323 324 325 329 334 337 338 339 340 341 342 344 347 369 374 376 380 383 384 385 387 388 392 393 394 396 397 417 455 456 458 459 470 471 486 520 521 573 581 582 586 587 591 

4 50 107 116 237 240 264 268 270 317 322 386 389 390 395 403 404 405 454 457 461 464 468 469 472 478 479 487 524 525 565 566 575 580 595 600 

80 92 112 127 179 205 221 243 261 269 271 273 274 279 280 281 282 284 352 391 401 402 406 407 460 465 467 491 498 519 522 523 526 554 556 557 560 594 596 605 606 607 

93 131 132 135 136 140 141 178 180 210 211 212 272 275 283 331 333 336 349 350 351 399 400 408 409 462 466 484 485 490 492 493 494 502 503 504 527 528 529 531 533 535 536 538 540 542 544 546 551 558 559 563 564 567 569 571 576 577 578 584 585 597 602 604 608 610 

94 96 133 134 138 139 142 144 145 146 150 151 154 155 157 158 160 161 162 164 166 167 169 172 181 183 184 188 189 197 199 202 207 209 213 214 223 227 228 233 235 239 276 277 288 289 290 294 299 301 307 308 309 311 312 313 314 320 321 326 327 330 332 335 410 411 420 447 449 450 451 463 477 480 495 499 501 505 506 512 517 530 532 534 541 543 545 548 549 562 568 570 572 601 603 611 612 

95 108 143 147 148 153 156 159 163 168 170 171 182 186 192 193 208 215 216 225 226 234 238 278 286 287 291 293 305 306 310 316 319 328 412 413 421 425 435 436 437 438 473 475 476 481 483 500 507 508 514 515 516 547 553 613 614 616 617 619 621 

109 111 185 187 190 191 194 195 196 200 201 217 218 244 252 253 254 258 259 285 295 296 298 302 414 415 423 424 428 429 430 439 444 446 474 482 509 510 513 615 618 

110 119 198 245 247 248 250 255 256 257 416 419 422 426 427 431 433 441 442 443 445 448 453 

120 121 122 123 124 129 246 249 251 432 434 440 

125 128 

Tempo (em ms): 23
Número de cores usadas: 29
