2 6 16 23 24 25 33 62 66 82 87 125 128 

1 15 17 18 32 38 47 55 63 100 130 

3 11 13 14 28 30 45 60 61 96 101 142 

4 19 22 27 42 50 65 73 119 129 

5 20 26 37 40 54 68 77 95 111 127 

7 21 36 39 44 49 53 67 74 84 90 107 136 

8 29 31 48 58 64 78 79 93 98 99 109 

9 41 46 51 69 76 83 85 88 92 120 122 126 

10 35 52 70 75 86 102 105 110 132 133 

12 43 57 71 94 97 113 114 118 121 135 

34 72 80 81 112 123 131 134 

56 59 91 106 124 144 

89 108 116 117 138 

103 143 

104 141 

115 140 

137 

139 

