1 2 4 6 7 8 9 10 12 14 15 22 23 27 29 33 36 37 38 39 43 44 45 52 53 56 57 63 79 90 94 133 143 147 148 163 169 172 178 184 249 253 259 262 272 293 353 358 367 368 408 433 

3 5 11 17 18 20 24 25 26 31 32 34 40 41 46 47 49 50 51 55 66 67 70 80 83 88 89 95 100 103 116 118 121 122 126 130 131 132 136 140 144 151 155 159 160 171 173 174 176 199 210 214 215 255 260 270 274 275 301 310 312 320 345 350 364 369 390 435 440 444 

13 16 21 42 61 62 68 69 71 72 75 76 78 98 99 101 105 106 110 142 150 162 165 167 186 193 196 206 211 220 226 241 251 261 286 291 296 321 328 330 332 335 340 348 351 374 391 411 416 419 431 445 446 450 

19 28 48 54 58 59 64 65 73 77 85 97 108 115 117 119 123 124 127 135 137 139 157 168 170 181 183 188 189 194 198 203 223 227 228 238 243 265 269 273 277 278 283 303 304 338 361 363 371 389 398 404 413 418 423 429 448 449 

30 35 60 74 81 82 84 86 92 93 96 102 111 112 129 152 154 161 164 166 175 177 180 182 187 192 216 217 218 222 230 232 237 242 250 252 256 264 295 298 306 308 313 316 317 327 347 357 372 380 385 392 396 403 407 432 

87 91 107 113 114 125 138 145 146 156 195 197 200 204 205 213 225 229 231 233 235 236 245 247 257 266 267 271 276 280 281 287 289 292 297 302 326 341 343 346 352 362 376 377 382 384 387 402 406 410 447 

120 128 134 141 149 158 179 191 202 207 209 212 234 246 258 279 282 285 307 311 319 322 323 329 342 356 360 365 366 370 381 388 397 401 412 421 426 427 430 441 442 

104 109 153 185 201 208 219 221 240 244 248 254 284 288 290 309 314 318 334 337 378 393 394 400 417 420 424 434 438 443 

190 224 239 263 294 299 305 315 324 333 336 349 355 359 379 399 405 409 414 437 

268 300 325 331 344 354 373 375 383 386 395 422 425 428 

339 415 436 439 

