2 17 34 35 36 37 39 40 41 42 48 49 51 52 53 54 56 57 58 60 61 65 68 69 70 71 72 73 75 109 111 112 115 118 126 127 128 131 133 134 135 139 140 142 143 144 146 148 152 153 154 155 157 158 162 164 165 167 169 173 174 175 176 177 178 179 180 181 184 186 187 188 191 192 193 194 195 196 198 199 202 205 206 207 208 209 210 211 212 215 217 227 229 231 233 235 237 243 247 253 254 256 257 260 266 268 270 272 274 278 284 285 287 288 289 290 291 292 293 294 295 298 300 301 304 306 307 309 311 312 314 316 319 320 322 323 324 326 330 332 334 335 337 341 342 345 346 347 348 349 350 352 353 354 356 357 359 361 362 363 365 367 369 370 371 372 373 374 375 376 377 378 381 382 385 387 389 392 396 397 399 400 403 406 408 410 414 416 417 418 419 420 422 424 425 427 428 429 430 432 435 437 439 440 442 444 446 447 448 450 453 455 456 458 461 464 466 468 472 476 477 479 481 485 487 489 492 494 495 

1 29 

13 33 38 55 90 

14 46 47 50 59 74 76 79 91 

16 45 62 63 67 80 84 92 

11 66 78 82 85 86 88 89 93 

12 81 83 87 94 

15 43 95 

10 32 

9 31 

8 30 

7 28 

6 27 

44 64 96 98 117 

77 97 99 

100 107 

101 108 

26 106 

102 110 

103 113 

104 114 

105 116 

5 25 

4 24 

3 23 

22 163 216 280 281 283 317 318 393 395 423 426 454 474 475 493 

119 245 246 251 252 279 282 310 394 473 

21 244 248 250 

20 249 

19 

18 

120 124 296 

121 297 

122 123 299 303 305 

125 302 308 313 315 

129 130 168 171 321 

137 138 141 170 172 183 325 327 329 459 478 480 496 

132 136 145 149 182 328 331 333 336 460 462 465 482 483 486 

147 150 185 189 190 197 200 204 213 221 222 224 226 228 338 463 467 471 484 488 491 

151 201 203 220 223 230 232 255 339 469 470 490 

156 159 214 218 219 234 236 238 258 259 263 264 267 340 343 344 351 355 358 360 431 

160 225 239 261 262 265 269 286 364 366 379 398 434 438 

161 240 271 275 368 380 383 386 433 436 441 

166 241 273 276 384 388 390 401 404 443 449 451 

242 277 391 402 407 445 457 

405 411 412 452 

409 413 

415 421 

Tempo (em ms): 11
Número de cores usadas: 48
