33 43 44 45 55 62 64 65 67 74 79 102 

8 18 32 42 49 52 56 66 80 89 103 123 

5 19 30 41 51 53 61 68 76 78 88 

12 21 29 40 54 63 69 83 86 90 104 110 139 

4 16 27 28 46 57 71 75 77 91 98 100 128 138 

7 15 31 38 39 58 81 92 99 101 109 111 126 

3 22 25 26 34 59 70 82 87 93 105 112 140 

6 14 35 37 60 73 94 106 113 117 121 122 136 

2 20 50 95 107 114 118 124 133 

17 47 72 85 115 129 130 131 134 

1 9 13 23 84 116 125 135 

10 97 119 127 144 

24 120 143 

11 36 132 142 

48 141 

96 137 

108 

Tempo (em ms): 1
Número de cores usadas: 17
