1 17 

2 19 

3 43 44 45 52 70 71 72 73 74 75 76 77 87 88 91 92 93 94 96 97 98 99 103 105 110 112 114 115 116 117 120 121 125 129 131 133 134 135 137 138 236 237 243 245 247 255 420 421 423 425 

4 33 57 58 65 66 95 241 242 244 246 248 249 250 251 252 253 254 256 257 260 262 266 267 305 

5 56 59 62 63 64 67 68 69 89 

6 38 60 101 108 109 111 113 130 132 136 139 156 235 320 321 407 408 409 410 413 416 

7 61 100 102 104 141 142 144 145 146 148 149 150 152 154 155 157 159 160 162 165 168 170 171 172 176 177 178 180 181 182 183 189 191 193 195 197 198 210 211 214 215 216 221 223 225 226 240 258 259 261 263 265 276 277 279 281 283 285 286 287 288 289 291 292 293 294 297 298 299 300 301 303 304 307 308 309 311 313 314 317 319 325 327 328 329 330 331 332 335 337 338 345 346 347 348 350 353 355 357 358 369 371 373 376 390 391 392 393 396 398 401 411 412 414 

8 123 124 143 147 153 161 163 164 179 184 185 186 187 188 190 192 194 196 269 271 278 280 282 284 394 395 397 400 419 

9 128 174 175 209 212 213 217 218 219 220 222 224 275 290 295 296 302 306 315 316 344 368 370 372 374 406 

10 234 318 333 334 336 349 351 352 354 356 378 379 381 385 

11 360 363 377 383 384 

12 382 389 

13 20 

14 21 

15 22 

16 23 

24 50 126 173 228 230 232 272 273 340 342 387 402 404 417 

25 78 

26 79 

27 80 

28 81 

29 82 

30 83 

31 84 

32 85 

18 86 

200 202 206 207 229 231 341 364 366 403 

201 203 205 

204 

