13 105 136 137 162 168 188 194 229 236 241 284 285 313 357 361 362 363 370 371 372 373 374 375 382 

40 99 104 138 140 185 193 315 316 353 354 355 364 365 366 367 368 369 376 377 378 380 

2 6 44 66 74 91 96 111 124 152 183 195 221 230 234 250 261 274 280 305 314 326 329 351 360 384 385 

5 22 28 116 118 149 153 159 186 233 238 309 328 383 

10 19 57 101 115 117 121 142 155 156 167 187 197 237 331 381 

3 18 52 86 110 130 145 161 176 203 228 262 330 

8 9 21 39 51 100 119 125 150 158 171 198 231 240 306 379 

7 20 32 53 55 56 85 120 179 232 252 340 

27 48 64 103 127 144 175 178 191 201 211 253 

1 17 35 50 71 123 160 180 200 302 323 327 339 358 359 

4 12 16 23 30 33 62 98 114 128 141 151 154 235 276 282 

11 15 26 59 78 81 92 108 122 220 242 251 287 342 345 

34 109 126 143 163 172 202 246 295 318 

14 24 29 31 37 46 68 72 75 84 87 93 97 113 189 208 269 290 325 

36 38 80 83 133 249 275 277 281 321 

49 58 60 61 70 173 247 263 310 319 356 

67 112 129 157 165 192 226 239 254 267 289 308 

89 132 190 196 206 209 265 301 311 324 

41 65 73 107 146 215 223 255 259 273 279 299 320 334 

54 79 148 216 243 260 291 307 341 344 

42 47 76 88 102 174 218 266 286 296 349 

43 90 210 227 248 258 272 278 293 317 

25 77 106 135 177 199 213 304 338 

147 169 204 224 268 343 348 

45 131 184 225 270 271 292 322 

63 69 82 95 182 214 297 

134 139 264 288 298 303 332 335 350 

94 164 181 217 300 312 346 

205 244 257 283 294 347 

166 207 222 245 

170 256 333 336 352 

337 

212 219 

Tempo (em ms): 11
Número de cores usadas: 33
