1 2 3 4 5 8 9 11 12 14 15 17 18 19 21 23 26 30 32 36 39 40 43 48 51 52 55 57 60 64 67 81 82 84 94 101 102 113 114 123 135 137 140 151 156 160 166 172 190 195 204 206 210 211 212 213 231 260 265 271 286 319 325 339 361 364 376 392 407 421 424 430 

6 10 16 20 22 24 25 28 29 31 33 37 42 44 47 58 59 61 63 66 69 73 75 78 79 83 85 88 90 96 100 103 105 106 110 115 118 136 142 146 149 157 161 162 167 170 176 183 188 193 198 200 216 243 251 255 258 261 263 294 308 320 330 345 351 363 370 373 393 404 427 445 

13 34 35 41 45 46 53 56 62 65 68 70 72 77 86 87 92 97 104 108 111 112 119 120 125 126 130 141 147 159 163 168 169 174 182 189 191 199 201 219 221 223 237 246 257 262 264 266 270 291 298 314 315 338 350 355 371 380 381 384 388 391 399 410 413 414 440 

7 27 38 49 54 71 74 80 89 93 95 107 117 121 124 127 134 138 139 143 144 145 148 153 154 158 164 179 184 187 192 194 202 203 207 209 214 215 230 235 236 238 240 241 249 259 268 273 274 281 283 288 289 292 297 301 305 310 316 335 343 358 360 366 408 411 412 418 425 446 

91 99 109 116 122 128 129 133 150 155 165 173 177 178 185 205 208 224 226 227 228 232 233 245 250 252 254 269 279 284 290 293 295 296 300 303 304 307 321 323 324 332 333 344 354 357 365 375 386 401 402 405 417 420 426 429 434 438 439 

76 131 152 171 175 180 196 197 217 225 229 234 239 244 248 256 277 287 299 302 306 311 313 317 322 326 327 342 346 352 362 367 372 377 378 379 389 394 397 403 416 437 441 442 447 450 

50 98 132 181 186 218 220 242 267 272 275 276 280 285 312 318 328 331 334 336 347 353 383 385 387 390 398 400 415 422 423 431 432 435 436 443 444 

222 247 253 278 282 309 337 341 348 349 356 359 369 374 395 396 409 419 433 448 449 

329 340 368 382 406 428 

Tempo (em ms): 6
Número de cores usadas: 9
