2 3 5 7 8 12 13 14 15 16 17 19 20 21 22 23 24 25 26 27 28 29 31 32 34 35 37 38 39 41 42 43 44 45 47 48 50 54 55 56 63 64 65 68 70 73 74 75 79 81 82 83 87 89 90 91 94 95 97 100 101 102 103 104 105 106 107 110 112 113 115 117 118 120 121 122 124 125 127 128 129 130 131 132 136 138 139 141 142 144 145 147 148 151 153 156 157 162 166 167 169 173 176 179 180 186 187 188 190 191 193 194 195 198 200 201 205 206 208 210 211 213 214 216 217 220 221 223 224 226 228 229 231 232 233 235 236 237 239 241 242 245 247 248 249 250 252 255 257 258 265 266 269 270 271 273 274 275 278 279 281 282 283 284 288 290 293 294 296 297 298 301 302 304 305 309 310 311 318 319 324 325 328 333 334 337 338 342 346 352 359 360 364 373 375 379 380 382 383 388 391 393 395 397 401 403 404 409 410 412 414 417 421 423 428 430 431 435 436 437 438 439 440 446 448 452 454 455 457 458 459 460 462 463 464 466 467 469 470 474 478 481 482 484 486 488 490 494 499 504 505 506 509 514 515 517 523 525 529 533 534 537 539 540 541 543 546 547 550 552 559 

1 4 6 9 10 11 18 30 36 40 46 49 51 52 57 58 60 61 66 67 71 72 77 80 84 88 96 98 108 109 111 126 134 137 140 143 149 150 155 158 163 170 171 172 175 181 182 184 189 196 197 199 207 209 215 225 230 234 243 246 251 253 254 256 260 262 263 267 268 272 287 289 291 295 299 303 306 315 322 327 344 347 351 354 355 356 358 362 366 370 371 372 377 386 390 394 396 408 413 420 429 432 434 442 443 444 449 450 453 456 461 468 471 475 476 477 480 487 489 493 501 503 507 512 516 518 522 524 527 530 531 532 535 536 544 551 556 561 

53 62 69 76 114 123 146 152 165 168 174 177 185 219 227 240 261 280 286 307 313 316 317 320 321 323 326 331 332 341 363 365 376 384 385 389 402 405 406 411 418 419 424 427 441 445 465 472 473 485 495 497 519 553 558 

78 85 99 154 159 160 183 192 222 244 277 292 308 329 350 367 368 422 451 483 511 521 538 548 

135 161 164 202 203 204 218 300 314 349 357 361 426 433 447 508 

86 119 178 259 264 330 340 345 348 353 369 398 416 498 554 

276 285 335 336 378 425 479 560 

381 400 415 502 510 542 

387 492 526 528 

549 

491 555 

496 545 

