2 17 34 35 37 38 39 40 42 44 46 49 50 52 53 55 58 86 88 92 93 94 96 98 99 100 101 107 108 109 110 111 112 114 115 119 145 146 150 152 153 154 155 156 164 166 182 183 184 198 204 

1 27 

16 26 

13 25 

14 24 

12 23 

11 31 

3 32 

10 30 

9 29 

8 22 

15 28 

7 21 

6 64 65 66 67 

5 20 

4 62 63 68 69 

19 33 36 71 72 73 74 75 76 77 78 80 82 85 87 89 91 

41 43 47 54 70 79 97 124 125 126 135 140 

18 45 51 90 127 128 129 130 131 132 133 134 

48 57 61 81 136 137 138 139 

56 60 83 95 102 103 105 113 121 149 151 206 

59 84 104 106 120 122 123 141 142 143 144 147 148 157 159 160 161 167 185 186 188 203 205 

116 118 158 162 163 165 168 169 176 177 178 179 180 181 187 195 201 

117 170 171 172 175 189 190 192 193 197 199 200 202 

173 174 191 194 196 

Tempo (em ms): 2
Número de cores usadas: 25
