61 148 240 327 427 519 606 662 750 858 

60 147 235 331 408 496 592 649 745 817 

69 156 245 341 497 593 650 746 827 

78 165 256 351 499 594 651 747 846 

33 120 211 298 417 509 595 652 739 847 

42 129 221 308 510 596 653 740 857 

70 157 244 336 418 505 597 658 812 

51 138 232 319 511 598 655 741 877 

215 301 512 599 656 742 887 

15 101 198 284 513 600 657 743 897 

79 166 254 350 506 601 659 754 826 

130 219 314 507 602 660 755 836 

139 230 324 603 661 756 855 

34 213 426 520 604 654 865 

25 111 204 290 605 663 749 866 

155 252 340 407 504 591 648 735 898 

149 328 428 514 607 667 760 813 

206 292 521 608 665 751 

207 293 522 609 666 752 

80 167 349 515 610 668 762 825 

121 210 305 516 611 669 764 

52 140 229 517 612 670 765 

26 205 289 436 530 613 664 748 874 

71 158 249 335 437 528 614 671 758 

90 176 268 354 529 615 672 759 867 

8 94 187 273 616 673 

62 145 236 329 433 524 617 631 724 823 

35 216 302 531 618 675 761 

154 248 527 619 634 726 852 

59 146 237 325 398 489 577 641 730 829 

2 188 276 382 476 564 674 889 

75 163 379 471 565 633 727 844 

39 127 473 566 635 728 863 

30 118 306 474 567 636 729 873 

76 164 257 343 389 481 568 643 

49 136 228 317 388 480 569 632 721 830 

40 223 309 484 570 637 722 876 

85 172 270 356 485 571 638 

225 311 486 572 639 725 

128 217 312 478 573 640 816 

21 110 203 295 482 574 644 736 862 

137 231 323 483 575 645 737 872 

3 91 279 576 646 738 882 

201 434 526 620 642 

50 143 404 493 578 710 794 875 

31 119 300 494 579 647 731 885 

150 401 487 580 676 769 

151 330 403 488 581 695 789 824 

142 321 490 582 697 790 843 

152 491 583 708 800 

22 115 296 492 584 700 791 

124 208 585 694 792 819 

153 414 498 586 714 802 

162 500 587 716 803 848 

161 250 413 501 588 709 795 

23 116 291 502 589 796 

117 503 590 720 806 

53 141 226 439 523 621 685 783 

36 125 450 536 622 707 793 

72 160 448 537 623 690 776 

159 447 538 624 681 768 

18 100 196 282 442 539 625 723 

106 197 283 449 540 626 701 788 

45 134 220 535 627 706 798 842 

27 199 294 532 628 703 799 

200 533 629 704 

122 534 630 678 773 

126 387 469 563 712 807 815 

144 227 316 396 479 713 820 

13 107 280 495 711 892 

38 135 222 307 378 465 550 718 

10 191 288 368 452 549 705 801 837 

73 171 344 369 453 541 715 839 

108 193 281 454 542 804 849 

194 455 543 717 805 859 

82 180 456 544 797 869 

28 214 457 545 719 879 

37 224 458 546 808 

168 261 365 459 547 684 772 899 

74 169 253 345 375 460 551 777 

132 310 461 552 687 778 831 

83 177 265 374 462 553 679 770 841 

20 114 202 463 554 689 780 851 

170 258 376 464 555 699 861 

29 466 557 810 881 

47 233 322 467 556 809 890 

123 468 693 894 

131 218 383 470 559 677 766 

95 184 271 472 560 680 767 

11 104 475 561 682 

97 189 274 385 477 562 702 896 

178 360 366 548 688 782 845 

113 297 558 683 774 891 

133 421 508 784 838 

89 173 266 355 425 518 732 850 

179 264 440 525 696 832 

86 174 262 399 818 

209 451 686 821 

4 181 787 822 

43 315 424 828 

6 182 275 416 734 833 

44 438 771 834 

32 304 410 763 835 

5 183 272 412 786 840 

41 785 811 

12 105 190 393 779 814 

46 320 691 878 

54 444 744 880 

48 384 692 775 883 

87 175 353 409 884 

55 242 367 886 

56 370 888 

7 92 893 

14 103 895 

57 243 332 381 900 

9 96 277 781 853 

19 698 854 

212 373 757 856 

185 380 733 860 

16 102 864 

99 186 432 868 

17 195 435 870 

1 93 372 871 

64 246 363 753 

192 285 386 

24 109 415 

88 263 352 419 

98 377 

112 391 

58 239 326 390 

63 238 443 

65 247 339 371 

66 251 342 

67 338 392 

68 337 397 

77 255 346 402 

81 259 347 445 

84 269 357 

348 394 

267 358 395 

359 361 

260 362 

234 318 364 

278 429 

287 430 

333 431 

313 423 

241 441 

334 446 

286 400 

299 405 

303 406 

411 

420 

422 

Tempo (em ms): 214
Número de cores usadas: 155
