1 5 6 8 9 10 11 13 14 16 20 23 26 31 38 42 48 54 69 76 101 104 123 126 148 206 235 250 338 339 402 419 445 

2 3 15 29 30 37 45 52 55 58 60 62 65 68 72 90 100 114 168 199 221 231 311 342 347 353 358 360 388 396 

4 7 12 18 24 36 46 47 49 71 74 81 83 87 95 99 115 128 138 144 153 157 161 187 189 215 220 225 230 249 278 305 317 327 409 420 

17 19 21 22 28 32 40 53 57 70 78 93 106 111 113 127 136 147 169 174 178 198 204 211 222 269 290 368 393 418 429 442 

25 27 33 35 50 63 66 79 84 85 109 112 118 120 122 124 125 152 162 165 166 184 228 232 253 268 288 314 318 320 331 370 411 433 

34 39 41 56 59 61 77 89 97 110 116 141 146 151 154 164 176 190 194 202 205 209 214 227 251 281 283 292 304 309 337 372 391 395 422 431 

44 64 67 88 92 103 107 155 167 180 188 213 229 236 241 267 307 319 335 362 365 389 416 447 

43 51 80 82 91 102 117 131 132 134 149 177 192 201 224 279 287 291 333 334 348 354 374 401 

73 75 94 105 108 119 121 129 130 142 159 175 181 203 212 233 243 244 252 260 270 271 277 336 377 381 400 406 427 

86 96 98 133 137 143 145 158 163 195 200 207 218 219 234 259 264 295 296 297 298 313 330 350 361 413 

135 139 150 156 172 173 183 210 216 255 261 272 284 285 302 351 352 356 367 378 384 423 

160 179 186 193 223 246 266 273 274 286 289 293 306 322 324 371 386 394 410 414 432 435 443 449 

140 171 185 208 217 245 247 256 262 275 300 303 345 349 357 390 405 444 450 

170 182 197 237 238 240 265 308 315 316 321 325 326 340 344 346 363 366 380 382 397 408 415 437 440 

191 196 226 239 242 248 254 282 301 310 323 332 383 385 398 425 

257 263 276 280 312 329 343 364 392 399 403 424 

258 294 328 355 376 379 404 417 421 441 446 

369 373 375 387 412 434 436 448 

299 341 359 407 428 439 

426 430 438 

Tempo (em ms): 15
Número de cores usadas: 20
