1 2 4 6 7 8 10 11 12 14 15 16 18 22 23 26 33 36 37 48 53 62 70 71 78 88 90 101 120 121 122 138 142 162 167 188 191 228 232 253 262 272 282 286 287 292 337 343 360 367 372 397 437 

3 9 17 19 27 28 29 30 32 34 35 38 39 40 41 43 45 50 52 55 58 63 72 76 79 82 83 84 93 103 133 135 137 159 177 182 190 193 199 203 223 224 239 248 263 273 278 288 317 323 333 352 353 373 378 393 398 404 428 448 

5 13 21 31 42 46 47 51 54 57 61 67 73 87 91 92 102 104 105 115 116 117 126 127 130 143 152 157 165 166 169 175 195 202 216 218 227 256 261 293 297 302 310 312 314 316 364 376 392 402 407 

20 24 49 59 60 64 65 66 69 77 81 89 96 97 106 107 112 113 114 118 119 123 124 128 129 147 148 158 163 168 192 198 209 213 219 221 222 233 238 241 245 257 258 267 307 321 332 336 357 358 362 377 389 427 442 447 

25 44 74 75 80 85 86 94 100 109 111 134 139 140 144 146 150 154 160 164 171 173 178 184 185 194 197 205 206 225 235 240 254 255 259 264 265 266 269 275 279 290 294 304 313 315 340 342 368 370 390 405 414 415 420 423 443 

56 68 95 99 110 125 131 136 145 151 155 170 174 186 200 210 212 214 226 230 236 242 243 251 271 274 280 284 289 295 320 326 341 344 345 348 350 351 354 366 403 412 416 430 435 436 439 450 

98 108 132 141 153 156 172 179 180 183 196 201 207 220 229 237 247 268 277 281 291 298 303 311 318 324 327 347 356 359 363 374 379 383 387 388 396 417 422 440 

149 161 176 181 204 208 217 231 246 249 250 276 285 296 300 305 306 309 328 331 338 339 349 361 369 384 386 399 401 411 425 433 434 438 

211 234 270 283 299 301 319 325 329 334 355 365 371 375 380 382 385 391 394 400 406 408 410 418 421 426 429 432 444 445 449 

189 215 244 260 308 322 335 346 381 409 419 424 431 441 

187 252 330 395 413 446 

Tempo (em ms): 11
Número de cores usadas: 11
